644 841
644 572
644 726
644 719
644 936
644 732
881 724
881 810
937 938
937 939
937 940
937 941
937 505
937 942
937 909
809 734
809 861
809 743
809 860
815 943
815 944
815 565
815 945
815 946
815 947
815 850
948 949
948 950
948 951
948 650
948 897
948 641
948 572
948 732
952 602
952 910
952 940
952 888
952 887
807 799
807 953
806 953
806 954
955 829
955 924
955 956
941 940
941 938
941 505
774 696
957 958
957 834
957 959
958 834
738 615
738 855
946 850
726 960
726 961
726 719
726 962
726 841
726 963
726 964
726 965
726 966
726 967
726 873
726 926
726 968
829 924
829 956
969 949
969 970
891 732
739 790
739 912
739 971
666 541
972 733
972 973
972 753
834 959
949 951
949 650
949 970
837 676
837 839
837 974
883 876
883 868
766 975
766 932
766 976
766 977
860 734
860 861
860 743
942 939
942 909
978 914
978 979
978 650
975 977
980 832
981 982
981 915
841 719
954 983
954 953
983 609
983 953
983 799
963 960
963 961
984 929
984 753
824 855
832 715
839 676
839 974
810 724
985 828
985 882
985 986
790 912
790 971
914 650
914 979
788 787
788 786
788 951
788 915
888 602
888 910
888 887
973 733
973 753
772 823
926 967
926 965
686 911
686 687
686 689
609 835
609 799
987 988
987 607
866 687
866 867
866 858
866 872
541 989
968 873
968 966
968 964
911 687
911 689
602 887
602 910
602 940
602 676
615 855
872 687
872 867
872 858
897 641
897 950
861 734
861 743
787 786
787 951
787 915
758 863
758 603
965 967
930 990
979 650
814 482
814 812
759 676
944 947
944 565
944 945
944 943
960 961
887 910
858 867
971 912
868 876
991 167
991 992
696 925
696 982
696 915
696 776
876 993
876 994
876 995
993 994
993 995
962 961
892 996
572 936
572 732
943 947
943 565
943 945
557 842
909 939
925 915
982 776
982 915
936 732
924 956
938 940
938 505
650 823
650 951
689 687
997 918
945 565
945 947
733 753
784 998
784 729
505 940
812 999
812 482
882 986
974 676
929 750
929 753
995 994
607 988
641 879
641 950
743 734
786 950
786 951
786 915
786 947
964 873
964 966
863 603
998 729
953 799
947 565
947 950
565 917
873 966
951 915
992 167
